0.09923791885375977
0.12170696258544922
0.09792828559875488
0.11521506309509277
0.11650252342224121
0.11758899688720703
0.09768414497375488
0.1073615550994873
0.10761117935180664
0.10474777221679688
0.10960626602172852
0.10106992721557617
0.10187411308288574
0.1011648178100586
0.11996221542358398
0.12631893157958984
0.10645866394042969
0.10029244422912598
0.09895491600036621
0.1023252010345459
0.10733532905578613
0.1018061637878418
0.09995555877685547
0.09711337089538574
0.10078120231628418
0.10855889320373535
0.10689353942871094
0.11285710334777832
0.10229730606079102
0.10520100593566895
0.09930682182312012
0.10577988624572754
0.11144876480102539
0.10210680961608887
0.10772204399108887
0.10773992538452148
0.10486555099487305
0.10455203056335449
0.10470342636108398
0.10431838035583496
0.10388755798339844
0.10766839981079102
0.10492253303527832
0.10328817367553711
0.10423994064331055
0.10595440864562988
0.1023099422454834
0.10546469688415527
0.10589742660522461
0.11687684059143066
