273.5622797012329
269.97258138656616
276.65022325515747
270.1017875671387
270.39971232414246
280.39396715164185
278.341037273407
287.31191897392273
284.2768385410309
277.7743978500366
283.82036900520325
281.30620217323303
283.5035173892975
282.4865069389343
276.8813331127167
294.5402452945709
284.74253964424133
296.9005079269409
280.8211302757263
282.33182287216187
275.35071063041687
264.6073088645935
289.0612211227417
282.11722803115845
281.1475567817688
286.9288341999054
297.43202686309814
287.3095324039459
263.6446189880371
269.29557251930237
264.8703155517578
268.5147795677185
261.56949377059937
262.29084610939026
275.21623134613037
274.67578768730164
261.43575620651245
262.58827567100525
262.24106764793396
261.8221173286438
261.9966289997101
268.3486490249634
262.5042521953583
262.3010108470917
267.2425673007965
262.93066692352295
262.2562689781189
262.3591241836548
262.5531187057495
262.0057337284088
