7.804372787475586
8.86709189414978
8.032073259353638
10.191497564315796
8.484060049057007
8.499859809875488
7.933680534362793
8.129235982894897
8.272002696990967
11.44351077079773
8.174669027328491
6.955170392990112
7.581670522689819
11.997843980789185
7.204572677612305
6.314598560333252
9.861697435379028
11.74498963356018
12.811420202255249
6.801764488220215
8.531675577163696
8.858900785446167
8.365379810333252
7.3422629833221436
8.050137519836426
8.241992712020874
8.155759572982788
9.613367319107056
7.122912645339966
10.744218111038208
7.983287334442139
9.296218395233154
8.954161405563354
8.6142578125
10.547878503799438
9.175591945648193
8.4107346534729
9.759809017181396
12.16272234916687
8.420232772827148
11.12915825843811
9.655170679092407
11.760993242263794
8.008025407791138
8.125014305114746
7.7149810791015625
7.360992908477783
7.651817798614502
9.635493278503418
11.294496059417725
