0.5297122001647949
0.49503612518310547
0.4855344295501709
0.46184706687927246
0.49400973320007324
1.0243849754333496
0.7588131427764893
0.4906163215637207
0.7784504890441895
0.9865996837615967
0.8416745662689209
0.737776517868042
0.49310302734375
0.4983222484588623
0.6438889503479004
0.5121588706970215
0.6734707355499268
0.6257672309875488
0.5229570865631104
0.4753108024597168
0.48981809616088867
0.775193452835083
0.5149991512298584
0.48641276359558105
0.503065824508667
0.6768641471862793
0.6456685066223145
0.856569766998291
0.5280799865722656
1.0017657279968262
0.7756967544555664
0.9260542392730713
0.7206666469573975
0.5117895603179932
0.8216321468353271
0.5863919258117676
0.5474207401275635
0.4889822006225586
0.72190260887146
0.5401968955993652
0.5066370964050293
0.7112963199615479
0.497814416885376
0.5010240077972412
0.5989856719970703
0.5086445808410645
0.5253598690032959
0.5081164836883545
0.4881892204284668
0.4964883327484131
